Date: 2018-01-28 13:28:48.452097

---Species concentration bounds--- 
Ester : (3800.0, 4200.0)
afEst2 : (9.5, 10.5)

--- Parameters --- 
afest_kcat : (5, 7)
afest_km_ester : (1300, 1700)


--- Ester Uncertainty Analysis Quartiles ---
Time, Ester High, Ester Low, Ester Mean, 
0.0, 4177.03213533, 3822.62786524, 3999.86919771, 
1.0, 4128.5535526, 3783.36998748, 3956.2754977, 
2.0, 4087.12676398, 3744.6541269, 3912.81474038, 
3.0, 4042.72251642, 3704.96779591, 3869.48869676, 
4.0, 3999.39516174, 3664.30857547, 3826.29916629, 
5.0, 3958.5515737, 3619.27206312, 3783.24797718, 
6.0, 3914.89981747, 3575.61633769, 3740.33698644, 
7.0, 3874.95426816, 3531.14523249, 3697.56808035, 
8.0, 3837.34945614, 3485.99141721, 3654.94317507, 
9.0, 3797.37394295, 3441.01531777, 3612.46421703, 
10.0, 3757.28320097, 3396.21944693, 3570.13318316, 
11.0, 3717.18487862, 3351.60635606, 3527.95208111, 
12.0, 3676.86788297, 3307.178636, 3485.92294964, 
13.0, 3637.64185564, 3262.93891691, 3444.04785895, 
14.0, 3601.87996198, 3218.88986855, 3402.32891107, 
15.0, 3564.30499294, 3170.798936, 3360.76824022, 
16.0, 3525.15625895, 3122.34671771, 3319.36801301, 
17.0, 3486.13459856, 3074.11974301, 3278.13042872, 
18.0, 3447.24897643, 3026.12187414, 3237.05771952, 
19.0, 3408.47157227, 2978.35704695, 3196.15215075, 
20.0, 3369.72003935, 2930.8292715, 3155.41602112, 
21.0, 3331.11121603, 2883.54263183, 3114.85166283, 
22.0, 3292.64680969, 2836.50128793, 3074.46144171, 
23.0, 3255.19716435, 2790.19759449, 3034.24775752, 
24.0, 3219.46222058, 2743.08346597, 2994.21304403, 
25.0, 3183.86103968, 2696.5094899, 2954.35976905, 
26.0, 3149.05164211, 2650.33232398, 2914.69043433, 
27.0, 3114.93925657, 2604.42417132, 2875.20757579, 
28.0, 3080.27219511, 2558.7897025, 2835.91376348, 
29.0, 3043.16198085, 2513.50980382, 2796.8116011, 
30.0, 3008.31085547, 2471.37566245, 2757.90372607, 
31.0, 2973.72089383, 2429.85374664, 2719.1928094, 
32.0, 2939.27359466, 2388.60044562, 2680.68155587, 
33.0, 2904.97050928, 2347.60868717, 2642.37270281, 
34.0, 2870.81320305, 2306.88251023, 2604.26902068, 
35.0, 2836.80325658, 2266.42600847, 2566.3733121, 
36.0, 2802.94226519, 2226.24332769, 2528.68841137, 
37.0, 2769.23183872, 2186.33865764, 2491.2171839, 
38.0, 2735.67360134, 2146.71622529, 2453.96252571, 
39.0, 2702.2691914, 2107.380312, 2416.92736302, 
40.0, 2669.02026125, 2065.65912764, 2380.11465027, 
41.0, 2635.92847696, 2022.35718944, 2343.52737067, 
42.0, 2602.99551815, 1979.41833932, 2307.16853471, 
43.0, 2570.2230777, 1936.84893133, 2271.04117831, 
44.0, 2537.61286153, 1897.27508048, 2235.14836239, 
45.0, 2505.16658775, 1858.68201948, 2199.49317152, 
46.0, 2472.88598677, 1820.59796954, 2164.07871218, 
47.0, 2440.7728011, 1782.91894981, 2128.90811125, 
48.0, 2408.82878479, 1745.59011314, 2093.98451488, 
49.0, 2377.05570314, 1708.61638145, 2059.31108565, 
50.0, 2345.435638, 1672.00268999, 2024.891001, 
51.0, 2313.95210841, 1635.7539833, 1990.72745202, 
52.0, 2282.64481677, 1599.87518139, 1956.82364039, 
53.0, 2251.51558073, 1564.71552297, 1923.18277595, 
54.0, 2220.56622658, 1530.50272917, 1889.80807428, 
55.0, 2189.7985893, 1496.67306995, 1856.7027542, 
56.0, 2159.21451141, 1463.23060973, 1823.87003498, 
57.0, 2128.81584168, 1430.17934115, 1791.3131331, 
58.0, 2098.60443575, 1397.52320074, 1759.03525903, 
59.0, 2068.58215491, 1365.26604124, 1727.03961357, 
60.0, 2038.75086498, 1333.4116472, 1695.32938517, 
61.0, 2009.11243579, 1301.96369607, 1663.90774624, 
62.0, 1979.66873963, 1270.92578268, 1632.77784901, 
63.0, 1950.42165067, 1240.30138194, 1601.94281999, 
64.0, 1921.37304459, 1210.09386643, 1571.40575905, 
65.0, 1892.52479711, 1180.30647058, 1541.16973321, 
66.0, 1863.87878305, 1150.94231062, 1511.23777163, 
67.0, 1835.43687532, 1122.00436271, 1481.61286165, 
68.0, 1807.20094235, 1093.49544199, 1452.29794396, 
69.0, 1779.17284862, 1065.41821147, 1423.29590847, 
70.0, 1751.35445326, 1037.77517019, 1394.60958823, 
71.0, 1723.74760828, 1010.56863406, 1366.24175411, 
72.0, 1696.35415782, 983.800737005, 1338.19511045, 
73.0, 1669.17593659, 957.473426566, 1310.47228936, 
74.0, 1642.21476851, 931.588444918, 1283.07584573, 
75.0, 1615.47246511, 906.147326635, 1256.00825124, 
76.0, 1588.95082331, 881.151388357, 1229.27188846, 
77.0, 1562.65162224, 855.021767279, 1202.86904615, 
78.0, 1536.57662506, 828.037017119, 1176.80191368, 
79.0, 1510.7275762, 801.591655412, 1151.0725756, 
80.0, 1485.1061992, 775.687638665, 1125.68300531, 
81.0, 1459.7141945, 750.326545855, 1100.63505995, 
82.0, 1434.55323809, 725.509568599, 1075.93047549, 
83.0, 1409.6249794, 701.237497954, 1051.57086216, 
84.0, 1384.93103922, 677.510707466, 1027.55769869, 
85.0, 1360.47300938, 654.32914636, 1003.89232672, 
86.0, 1336.25245321, 631.692327669, 980.575946903, 
87.0, 1312.27089804, 609.599318577, 957.609614764, 
88.0, 1288.52983552, 589.002957877, 934.994235932, 
89.0, 1265.03071938, 569.364999337, 912.730562464, 
90.0, 1241.77496355, 550.198471973, 890.81918885, 
91.0, 1218.7639402, 531.50097112, 869.260548912, 
92.0, 1195.99897709, 513.269749544, 848.054912296, 
93.0, 1173.4813555, 495.501714659, 827.202382154, 
94.0, 1151.21230828, 478.193428587, 806.702893261, 
95.0, 1129.19301759, 461.341122234, 786.556209455, 
96.0, 1107.42461264, 444.940688093, 766.76192211, 
97.0, 1085.90816724, 428.987699348, 747.319448987, 
98.0, 1064.39567594, 413.477410895, 728.228033495, 
99.0, 1042.69072024, 398.404768312, 709.486744816, 
100.0, 1022.14599599, 383.764426272, 691.094477916, 
101.0, 1002.55215071, 369.550747918, 673.04995397, 
102.0, 982.430606511, 355.757827974, 655.351721011, 
103.0, 962.564102588, 342.37950254, 637.99815579, 
104.0, 942.953229342, 329.409362156, 620.987465337, 
105.0, 923.598507636, 316.840767016, 604.317689683, 
106.0, 904.50038681, 304.666866947, 587.986704415, 
107.0, 885.659243123, 292.88061099, 571.992223165, 
108.0, 867.075378086, 281.474768038, 556.331801229, 
109.0, 848.749016942, 270.441944847, 541.00283937, 
110.0, 830.680307297, 259.774599877, 526.002588475, 
111.0, 812.869317732, 249.478690784, 511.328153341, 
112.0, 795.316036521, 239.556331385, 496.976497512, 
113.0, 778.020370617, 229.973546952, 482.944448382, 
114.0, 760.982144493, 220.72247299, 469.228702457, 
115.0, 744.201099235, 211.795186574, 455.825830882, 
116.0, 727.676891708, 203.18372516, 442.732285211, 
117.0, 711.40909382, 194.880100528, 429.944403079, 
118.0, 695.397192046, 186.876315356, 417.458414409, 
119.0, 679.640586854, 179.164378602, 405.270447439, 
120.0, 664.138592487, 171.736318402, 393.376535163, 
121.0, 648.890436746, 164.584197774, 381.772621753, 
122.0, 633.895260904, 157.700127088, 370.454568814, 
123.0, 619.152119886, 151.076275735, 359.418162163, 
124.0, 604.659982423, 144.704883979, 348.659118048, 
125.0, 590.417731569, 138.578274402, 338.173089509, 
126.0, 576.424165095, 132.688863316, 327.955672984, 
127.0, 562.677996068, 127.029167609, 318.002415058, 
128.0, 549.17785364, 121.591814868, 308.308818297, 
129.0, 535.922284158, 116.36955181, 298.870347624, 
130.0, 522.909752702, 111.355249779, 289.682436814, 
131.0, 510.13864365, 106.5419121, 280.740493927, 
132.0, 497.607262235, 101.922679783, 272.039907637, 
133.0, 485.313836097, 97.4908356912, 263.576053196, 
134.0, 473.25651691, 93.2398093208, 255.344297727, 
135.0, 461.433382188, 89.1631802915, 247.340005437, 
136.0, 449.842437258, 85.2546809535, 239.558543184, 
137.0, 438.481617325, 81.508199014, 231.995285543, 
138.0, 427.348789647, 77.9177791527, 224.645619775, 
139.0, 416.441754936, 74.477624024, 217.504950457, 
140.0, 405.758250445, 71.1820952206, 210.568703881, 
141.0, 395.270099075, 68.0257134073, 203.832332212, 
142.0, 384.990962471, 65.0031579942, 197.2913178, 
143.0, 374.929496508, 62.1092666318, 190.941177084, 
144.0, 365.083196212, 59.3390341888, 184.777464014, 
145.0, 355.449505975, 56.6876113526, 178.79577355, 
146.0, 346.025821907, 54.1503030288, 172.991744956, 
147.0, 336.809494961, 51.7225664448, 167.361064745, 
148.0, 327.797832534, 49.4000089286, 161.899469491, 
149.0, 318.988100649, 47.1783855118, 156.602748447, 
150.0, 310.377529757, 45.053596394, 151.466745866, 
151.0, 301.963316797, 43.0216841505, 146.487363226, 
152.0, 293.742628499, 41.078830733, 141.660561286, 
153.0, 285.712602157, 39.2213546097, 136.982361837, 
154.0, 277.870349811, 37.4457076736, 132.448849362, 
155.0, 270.212961939, 35.7484718771, 128.056172447, 
156.0, 262.737509988, 34.126355661, 123.800545042, 
157.0, 255.44871775, 32.5761911789, 119.678247547, 
158.0, 248.681350045, 31.094930841, 115.685627815, 
159.0, 242.070770211, 29.6796435834, 111.819101959, 
160.0, 235.614384851, 28.3275115213, 108.075154979, 
161.0, 229.30959843, 27.0358267151, 104.450341168, 
162.0, 223.153815605, 25.8019877672, 100.941284569, 
163.0, 217.144443059, 24.6234965308, 97.544679193, 
164.0, 211.278891316, 23.497954798, 94.2572891261, 
165.0, 205.554576738, 22.4230608188, 91.0759485875, 
166.0, 199.968923324, 21.3966060317, 87.9975618649, 
167.0, 194.519364593, 20.4164720693, 85.0191029816, 
168.0, 189.203345793, 19.4806275326, 82.1376154339, 
169.0, 184.018324823, 18.5871249207, 79.3502118371, 
170.0, 178.961773988, 17.7340976838, 76.6540734122, 
171.0, 174.031181498, 16.9197572185, 74.0464494999, 
172.0, 169.224052947, 16.1423899196, 71.5246569662, 
173.0, 164.537913532, 15.4003545451, 69.086079409, 
174.0, 159.970308612, 14.692079386, 66.7281664773, 
175.0, 155.518804799, 14.0160595768, 64.4484331209, 
176.0, 151.180991323, 13.3708545924, 62.2444586358, 
177.0, 146.954481078, 12.7550857316, 60.1138858237, 
178.0, 142.836912083, 12.1674336467, 58.0544201182, 
179.0, 138.825948765, 11.6066360532, 56.063828544, 
180.0, 134.919281913, 11.0714854353, 54.1399387388, 
181.0, 131.114629896, 10.5608267681, 52.2806379113, 
182.0, 127.409739384, 10.0648366853, 50.4838717802, 
183.0, 123.802386151, 9.58608714582, 48.7476435359, 
184.0, 120.290376498, 9.12996121163, 47.0700127475, 
185.0, 116.871546879, 8.69540360003, 45.4490942395, 
186.0, 113.543764585, 8.28140698878, 43.8830569524, 
187.0, 110.304928281, 7.88700992646, 42.370122872, 
188.0, 107.152968384, 7.5112948683, 40.9085658666, 
189.0, 104.085847953, 7.15338627819, 39.4967105533, 
190.0, 101.101562757, 6.81244876947, 38.1329311673, 
191.0, 98.1981411755, 6.48768535756, 36.8156504467, 
192.0, 95.3736446061, 6.17833577161, 35.5433384884, 
193.0, 92.6261676132, 5.88367482098, 34.3145116028, 
194.0, 89.9538381613, 5.60301084351, 33.1277312362, 
195.0, 87.3548179827, 5.3356842114, 31.981602843, 
196.0, 84.827302084, 5.08106588993, 30.8747747761, 
197.0, 82.369518912, 4.83855607001, 29.8059372064, 
198.0, 79.979730348, 4.60758284837, 28.773821048, 
199.0, 77.6562316049, 4.38760096826, 27.7771968846, 
200.0, 75.3973513369, 4.17809061118, 26.8148739141, 
201.0, 73.2014512891, 3.97855624253, 25.8856989201, 
202.0, 71.0669261146, 3.78852550554, 24.988555279, 
203.0, 68.9922032091, 3.60754815924, 24.1223619271, 
204.0, 66.9757424768, 3.43519506681, 23.2860723651, 
205.0, 65.0160361157, 3.27105722736, 22.4786737019, 
206.0, 63.1116083829, 3.11474485954, 21.6991857138, 
207.0, 61.2610152105, 2.96588650405, 20.9466598948, 
208.0, 59.4628439217, 2.82412817652, 20.2201785447, 
209.0, 57.7157129052, 2.68913255797, 19.5188538795, 
210.0, 56.018271272, 2.56057824799, 18.8418271528, 
211.0, 54.3691984099, 2.43815900398, 18.1882677961, 
212.0, 52.7672036849, 2.32158303142, 17.5573725784, 
213.0, 51.2110260407, 2.21057231182, 16.9483647758, 
214.0, 49.6994336081, 2.10486198992, 16.3604933833, 
215.0, 48.2312232745, 2.00419973775, 15.7930323261, 
216.0, 46.8052201491, 1.90834515898, 15.2452796983, 
217.0, 45.4202772092, 1.81706923214, 14.716557015, 
218.0, 44.0752749315, 1.7301538006, 14.2062084977, 
219.0, 42.7691207937, 1.64739105734, 13.7136003569, 
220.0, 41.5007488408, 1.56858304905, 13.2381201055, 
221.0, 40.2691191822, 1.49354121731, 12.7791758865, 
222.0, 39.0732174294, 1.42208595025, 12.3361958197, 
223.0, 37.9120544372, 1.35404616315, 11.9086273688, 
224.0, 36.7846657756, 1.28925889245, 11.4959367184, 
225.0, 35.6901112819, 1.22756893636, 11.0976081743, 
226.0, 34.6274745935, 1.16882847188, 10.7131435927, 
227.0, 33.595862501, 1.11366203353, 10.3420617926, 
228.0, 32.5944046743, 1.06210302273, 9.98389801178, 
229.0, 31.6222532122, 1.01292955866, 9.63820338365, 
230.0, 30.6785821577, 0.966031405365, 9.30454440232, 
231.0, 29.762587049, 0.921303410183, 8.9825024169, 
232.0, 28.8734843641, 0.878645266174, 8.67167314885, 
233.0, 28.0105110754, 0.837961290986, 8.37166621977, 
234.0, 27.1729243465, 0.799160218755, 8.08210468425, 
235.0, 26.3600010249, 0.762154992223, 7.80262458478, 
236.0, 25.5710372172, 0.726862569884, 7.53287452055, 
237.0, 24.8053478433, 0.693203745572, 7.27251522644, 
238.0, 24.062266069, 0.661102968514, 7.02121916411, 
239.0, 23.3411430708, 0.630488174514, 6.77867013147, 
240.0, 22.6413475763, 0.601290628463, 6.54456287978, 


--- Acid Uncertainty Analysis Quartiles ---
Time, Acid High, Acid Low, Acid Mean, 
0.0, 0.0, 0.0, 0.0, 
1.0, 50.8230562687, 35.9926953681, 43.593700011, 
2.0, 101.457234531, 71.8979439682, 87.0544573317, 
3.0, 151.899607601, 107.714863703, 130.380500946, 
4.0, 202.147195251, 143.442562565, 173.570031419, 
5.0, 252.196963798, 179.080137557, 216.621220527, 
6.0, 302.045825444, 214.626674647, 259.532211273, 
7.0, 351.690637079, 250.081249492, 302.301117362, 
8.0, 401.128199684, 285.442927307, 344.926022638, 
9.0, 450.355257699, 320.710762283, 387.404980676, 
10.0, 499.368498998, 355.883797544, 429.73601455, 
11.0, 548.164553451, 390.961065355, 471.917116597, 
12.0, 596.739992605, 425.941586648, 513.946248075, 
13.0, 645.091329505, 460.824371344, 555.821338764, 
14.0, 693.21501754, 495.608417703, 597.540286637, 
15.0, 741.107450442, 530.292712942, 639.100957494, 
16.0, 788.764961921, 564.876233005, 680.501184699, 
17.0, 836.183824768, 599.265206176, 721.738768987, 
18.0, 883.360251211, 633.463077797, 762.811478186, 
19.0, 930.290392501, 667.53621256, 803.71704696, 
20.0, 976.970338212, 701.483327191, 844.453176594, 
21.0, 1023.3961175, 735.30312586, 885.017534878, 
22.0, 1069.56369781, 768.994300297, 925.407756004, 
23.0, 1115.4689847, 802.555529958, 965.621440195, 
24.0, 1161.1078222, 835.985482237, 1005.65615368, 
25.0, 1206.47599524, 869.282812084, 1045.50942866, 
26.0, 1251.56922834, 902.446162302, 1085.17876338, 
27.0, 1296.383186, 935.474164133, 1124.66162192, 
28.0, 1340.91347371, 968.365436645, 1163.95543423, 
29.0, 1385.15563878, 1001.11858692, 1203.05759661, 
30.0, 1429.60567696, 1033.73221022, 1241.96547164, 
31.0, 1473.82752067, 1066.20489008, 1280.67638831, 
32.0, 1517.78782985, 1098.53519883, 1319.18764184, 
33.0, 1561.48231172, 1130.7216984, 1357.4964949, 
34.0, 1604.90660745, 1162.76293919, 1395.60017703, 
35.0, 1648.0563011, 1194.6574608, 1433.49588561, 
36.0, 1690.92691178, 1226.40379233, 1471.18078634, 
37.0, 1733.51389249, 1258.00045255, 1508.65201381, 
38.0, 1775.81263231, 1289.44595005, 1545.906672, 
39.0, 1817.81845999, 1320.73878356, 1582.94183469, 
40.0, 1859.52665608, 1351.87744236, 1619.75454744, 
41.0, 1900.9324365, 1382.86040653, 1656.34182704, 
42.0, 1942.03095795, 1413.68614724, 1692.700663, 
43.0, 1982.81731983, 1444.35312718, 1728.8280194, 
44.0, 2023.28657421, 1474.85980116, 1764.72083532, 
45.0, 2063.43373247, 1505.20461619, 1800.37602619, 
46.0, 2103.25375264, 1535.38601191, 1835.79048553, 
47.0, 2142.74154763, 1565.40242106, 1870.96108646, 
48.0, 2181.89199442, 1595.25226996, 1905.88468283, 
49.0, 2220.69993375, 1624.93397915, 1940.55811206, 
50.0, 2259.16016906, 1654.44596437, 1974.97819671, 
51.0, 2297.2674727, 1683.82104172, 2009.14174569, 
52.0, 2335.01660545, 1713.47941499, 2043.04555732, 
53.0, 2372.40230634, 1742.98516148, 2076.68642176, 
54.0, 2409.41929595, 1772.33682469, 2110.06112343, 
55.0, 2446.06228646, 1801.53294132, 2143.16644351, 
56.0, 2482.32600237, 1830.57204152, 2175.99916273, 
57.0, 2517.77101634, 1859.45264946, 2208.55606461, 
58.0, 2552.69494297, 1888.17328378, 2240.83393868, 
59.0, 2587.21093751, 1916.732458, 2272.82958414, 
60.0, 2621.3145217, 1945.12868177, 2304.53981254, 
61.0, 2655.00128868, 1973.36046093, 2335.96145147, 
62.0, 2688.26691212, 2001.42629761, 2367.0913487, 
63.0, 2721.10714962, 2029.32469108, 2397.92637772, 
64.0, 2753.51785671, 2057.05413835, 2428.46343866, 
65.0, 2786.42603708, 2084.61313468, 2458.6994645, 
66.0, 2819.13057519, 2112.00017504, 2488.63142608, 
67.0, 2851.43098163, 2139.21375435, 2518.25633606, 
68.0, 2883.32314469, 2166.25236772, 2547.57125375, 
69.0, 2914.80303616, 2193.11451146, 2576.57328924, 
70.0, 2945.86672594, 2219.79868383, 2605.25960948, 
71.0, 2976.51040154, 2246.30338583, 2633.6274436, 
72.0, 3006.7303645, 2272.6271227, 2661.67408726, 
73.0, 3036.40998439, 2298.7684049, 2689.39690835, 
74.0, 3065.06766413, 2324.72574748, 2716.79335198, 
75.0, 3093.25874873, 2350.49767181, 2743.86094647, 
76.0, 3120.97986658, 2376.08270645, 2770.59730925, 
77.0, 3148.2278642, 2401.4793881, 2797.00015156, 
78.0, 3174.99982135, 2426.68626262, 2823.06728403, 
79.0, 3201.19555855, 2451.70188603, 2848.79662211, 
80.0, 3226.86920117, 2476.52482554, 2874.1861924, 
81.0, 3251.91015932, 2501.15366064, 2899.23413776, 
82.0, 3274.93587095, 2525.58698604, 2923.93872222, 
83.0, 3297.43258092, 2549.82428967, 2948.29833555, 
84.0, 3319.40074348, 2573.8937344, 2972.31149902, 
85.0, 3340.84125295, 2597.76388516, 2995.97687099, 
86.0, 3361.72777388, 2621.43337633, 3019.29325081, 
87.0, 3381.99892164, 2644.90086149, 3042.25958295, 
88.0, 3401.74669808, 2668.16501501, 3064.87496178, 
89.0, 3420.97391745, 2691.22453346, 3087.13863525, 
90.0, 3439.68384584, 2714.07813718, 3109.05000886, 
91.0, 3457.88018948, 2736.72457201, 3130.6086488, 
92.0, 3475.56710325, 2759.16260642, 3151.81428541, 
93.0, 3494.92232181, 2781.39103556, 3172.66681556, 
94.0, 3514.05681898, 2803.4086849, 3193.16630445, 
95.0, 3532.22982114, 2825.21441019, 3213.31298825, 
96.0, 3547.89388175, 2846.80709874, 3233.1072756, 
97.0, 3565.63939567, 2868.18567082, 3252.54974872, 
98.0, 3583.96244748, 2889.34908116, 3271.64116421, 
99.0, 3601.85141198, 2910.29632124, 3290.38245289, 
100.0, 3619.30922586, 2931.02642102, 3308.77471979, 
101.0, 3636.33910302, 2951.53844908, 3326.81924374, 
102.0, 3652.4294225, 2971.83151498, 3344.5174767, 
103.0, 3667.86657264, 2991.90477091, 3361.87104192, 
104.0, 3682.89333265, 3011.7574133, 3378.88173237, 
105.0, 3697.51473075, 3031.38868447, 3395.55150803, 
106.0, 3711.73600992, 3050.79787317, 3411.8824933, 
107.0, 3725.56262208, 3069.98431001, 3427.87697454, 
108.0, 3739.00021534, 3088.94737653, 3443.53739648, 
109.0, 3752.05462011, 3107.6865114, 3458.86635834, 
110.0, 3764.731839, 3126.20119917, 3473.86660923, 
111.0, 3777.03803767, 3144.49098024, 3488.54104437, 
112.0, 3789.53814909, 3162.55544981, 3502.8927002, 
113.0, 3802.5858528, 3180.39425859, 3516.92474933, 
114.0, 3815.18100826, 3198.00711447, 3530.64049525, 
115.0, 3827.38392381, 3215.39378336, 3544.04336683, 
116.0, 3839.21399409, 3232.55409055, 3557.1369125, 
117.0, 3848.692621, 3249.48792166, 3569.92479463, 
118.0, 3857.70639445, 3266.19522362, 3582.4107833, 
119.0, 3866.3932454, 3282.67600549, 3594.59875027, 
120.0, 3874.76160997, 3298.93033935, 3606.49266255, 
121.0, 3882.81993843, 3314.95836113, 3618.09657596, 
122.0, 3890.57667883, 3330.76027118, 3629.4146289, 
123.0, 3898.17264211, 3346.33633489, 3640.45103555, 
124.0, 3906.27376685, 3361.68688326, 3651.21007966, 
125.0, 3914.09249034, 3376.8123133, 3661.6961082, 
126.0, 3921.64327539, 3391.71308851, 3671.91352473, 
127.0, 3928.9331436, 3406.38973895, 3681.86678265, 
128.0, 3935.96907301, 3418.05111864, 3691.56037941, 
129.0, 3942.75798852, 3429.23222627, 3700.99885009, 
130.0, 3949.30675267, 3440.17104377, 3710.1867609, 
131.0, 3955.62215845, 3450.87014851, 3719.12870378, 
132.0, 3961.59213168, 3461.33219312, 3727.82929007, 
133.0, 3968.35065356, 3471.55990213, 3736.29314451, 
134.0, 3975.29520239, 3481.55606853, 3744.52489998, 
135.0, 3982.00298669, 3491.32355173, 3752.52919227, 
136.0, 3988.4802693, 3500.86527384, 3760.31065453, 
137.0, 3993.20117879, 3510.18421396, 3767.87391217, 
138.0, 3998.6464575, 3519.28340506, 3775.22357794, 
139.0, 4005.36810535, 3528.16593041, 3782.36424725, 
140.0, 4011.85596521, 3536.83492216, 3789.30049383, 
141.0, 4018.11624094, 3545.29355468, 3796.0368655, 
142.0, 4023.8308369, 3553.54504113, 3802.57787991, 
143.0, 4029.06039538, 3561.59262989, 3808.92802063, 
144.0, 4034.10157988, 3569.43960067, 3815.0917337, 
145.0, 4038.96005017, 3577.08926001, 3821.07342416, 
146.0, 4043.64137352, 3584.54493736, 3826.87745275, 
147.0, 4048.15102082, 3591.80998321, 3832.50813297, 
148.0, 4052.49436298, 3598.88776388, 3837.96972822, 
149.0, 4056.66677322, 3605.78165736, 3843.26644926, 
150.0, 4060.6296907, 3612.49505012, 3848.40245184, 
151.0, 4064.44383255, 3619.0313344, 3853.38183448, 
152.0, 4068.11410563, 3625.39390344, 3858.20863642, 
153.0, 4071.64530303, 3631.58614834, 3862.88683587, 
154.0, 4075.04210441, 3637.61145538, 3867.42034835, 
155.0, 4078.30907529, 3643.4732028, 3871.81302526, 
156.0, 4080.90399212, 3649.17475687, 3876.06865267, 
157.0, 4083.36313416, 3654.71946931, 3880.19095016, 
158.0, 4085.72226485, 3660.11067519, 3884.1835699, 
159.0, 4088.29077605, 3665.27154322, 3888.05009575, 
160.0, 4092.25153063, 3670.16515372, 3891.79404273, 
161.0, 4095.6276876, 3674.92079002, 3895.41885654, 
162.0, 4098.19324444, 3679.54162272, 3898.92791314, 
163.0, 4100.65891981, 3684.0307881, 3902.32451852, 
164.0, 4103.00684868, 3688.39138646, 3905.61190858, 
165.0, 4105.20172126, 3692.62648038, 3908.79324912, 
166.0, 4107.30931389, 3696.73909324, 3911.87163585, 
167.0, 4109.33287204, 3700.7322079, 3914.85009473, 
168.0, 4111.63196901, 3704.60876555, 3917.73158228, 
169.0, 4114.30771012, 3708.37166448, 3920.51898587, 
170.0, 4115.94281587, 3712.02375911, 3923.2151243, 
171.0, 4117.33096795, 3715.56785889, 3925.82274821, 
172.0, 4118.65875492, 3719.00672754, 3928.34454074, 
173.0, 4120.10994871, 3722.34308255, 3930.7831183, 
174.0, 4121.68428306, 3725.57959452, 3933.14103123, 
175.0, 4123.19550315, 3728.71888638, 3935.42076459, 
176.0, 4124.6460239, 3731.76353303, 3937.62473907, 
177.0, 4126.03817697, 3734.7160613, 3939.75531189, 
178.0, 4127.37421272, 3737.57894971, 3941.81477759, 
179.0, 4128.6563026, 3740.35462776, 3943.80536917, 
180.0, 4129.8865412, 3743.04547608, 3945.72925897, 
181.0, 4131.06694835, 3745.65382681, 3947.5885598, 
182.0, 4132.19947142, 3748.18196347, 3949.38532593, 
183.0, 4133.2859873, 3750.63212057, 3951.12155417, 
184.0, 4134.32830453, 3753.00648411, 3952.79918496, 
185.0, 4135.32816546, 3755.30719215, 3954.42010347, 
186.0, 4136.28724814, 3757.53633494, 3955.98614076, 
187.0, 4137.20716846, 3759.6959547, 3957.49907484, 
188.0, 4138.08948207, 3761.78804645, 3958.96063184, 
189.0, 4138.91968566, 3763.81455869, 3960.37248716, 
190.0, 4139.71058195, 3765.77739373, 3961.73626654, 
191.0, 4140.46870437, 3767.67840761, 3963.05354726, 
192.0, 4141.19537985, 3769.51941116, 3964.32585922, 
193.0, 4141.89188415, 3771.30217059, 3965.55468611, 
194.0, 4142.55944354, 3773.52530897, 3966.74146647, 
195.0, 4143.19923665, 3775.77223832, 3967.88759487, 
196.0, 4143.81239611, 3777.94987236, 3968.99442293, 
197.0, 4144.40001008, 3780.06015327, 3970.0632605, 
198.0, 4144.963124, 3782.10498014, 3971.09537666, 
199.0, 4145.50274203, 3784.08620935, 3972.09200083, 
200.0, 4146.01982862, 3786.00565533, 3973.0543238, 
201.0, 4146.51530989, 3787.86509073, 3973.98349879, 
202.0, 4146.99007513, 3789.45383219, 3974.88064243, 
203.0, 4147.44497811, 3790.75722236, 3975.74683578, 
204.0, 4148.05802826, 3792.01798852, 3976.58312534, 
205.0, 4148.76837708, 3793.2374597, 3977.39052401, 
206.0, 4149.45162455, 3794.41692753, 3978.170012, 
207.0, 4150.10878253, 3795.55764725, 3978.92253782, 
208.0, 4150.7408269, 3796.66083843, 3979.64901917, 
209.0, 4151.34869854, 3797.72768553, 3980.35034383, 
210.0, 4151.9333044, 3798.75933889, 3981.02737056, 
211.0, 4152.49551888, 3799.75691555, 3981.68092991, 
212.0, 4153.03618456, 3800.72149991, 3982.31182513, 
213.0, 4153.55611359, 3801.65414442, 3982.92083293, 
214.0, 4154.05608853, 3802.55587054, 3983.50870433, 
215.0, 4154.53686329, 3803.42766944, 3984.07616538, 
216.0, 4154.99916435, 3804.2705026, 3984.62391801, 
217.0, 4155.60758534, 3805.08530269, 3985.1526407, 
218.0, 4156.49446811, 3805.87297441, 3985.66298921, 
219.0, 4157.35183469, 3806.63439511, 3986.15559735, 
220.0, 4158.18063927, 3807.37041524, 3986.6310776, 
221.0, 4158.98180705, 3808.08185934, 3987.09002182, 
222.0, 4159.75623495, 3808.76952674, 3987.53300189, 
223.0, 4160.50479241, 3809.44398485, 3987.96057034, 
224.0, 4161.22832218, 3810.11115987, 3988.37326099, 
225.0, 4161.9276409, 3810.75621785, 3988.77158954, 
226.0, 4162.60353994, 3811.37987537, 3989.15605412, 
227.0, 4163.25678603, 3811.98282696, 3989.52713592, 
228.0, 4163.88812199, 3812.56574577, 3989.8852997, 
229.0, 4164.49826734, 3813.12928383, 3990.23099433, 
230.0, 4165.08791901, 3813.65128852, 3990.56465331, 
231.0, 4165.65775197, 3813.77169275, 3990.88669529, 
232.0, 4166.20841984, 3813.88757107, 3991.19752456, 
233.0, 4166.74055551, 3814.21020011, 3991.49753149, 
234.0, 4167.25477177, 3815.00676606, 3991.78709303, 
235.0, 4167.7516619, 3815.57049699, 3992.06657313, 
236.0, 4168.23180016, 3815.74847598, 3992.33632319, 
237.0, 4168.69574245, 3815.79420955, 3992.59668248, 
238.0, 4169.14402681, 3815.8378738, 3992.84797855, 
239.0, 4169.57717397, 3815.87956227, 3993.09052758, 
240.0, 4169.99568787, 3815.91936427, 3993.32463483, 

