Date: 2018-01-28 13:59:07.881063

---Species concentration bounds--- 
afEst2 : (9.5, 10.5)
Ester : (3800.0, 4200.0)

--- Parameters --- 
afest_km_ester : (1300, 1700)
afest_kcat : (5, 7)


--- Ester Uncertainty Analysis Quartiles ---
Time, Ester High, Ester Low, Ester Mean, 
0.0, 4178.69246303, 3820.53676141, 3999.99293445, 
1.0, 4135.01782525, 3778.22746011, 3956.40598439, 
2.0, 4086.99128776, 3734.21158056, 3912.9517971, 
3.0, 4038.32922801, 3686.77676464, 3869.63213855, 
4.0, 3991.3405876, 3639.68263753, 3826.44880297, 
5.0, 3955.13366552, 3597.81890805, 3783.40361322, 
6.0, 3918.65433806, 3557.57894914, 3740.49842081, 
7.0, 3879.88326257, 3517.47934689, 3697.73510642, 
8.0, 3835.33396853, 3477.52181048, 3655.1155805, 
9.0, 3791.04692844, 3435.85562304, 3612.6417836, 
10.0, 3757.35922858, 3392.25351546, 3570.31568664, 
11.0, 3723.76490308, 3348.8161854, 3528.13929114, 
12.0, 3690.26485202, 3305.49140112, 3486.1146295, 
13.0, 3656.85998481, 3262.06504911, 3444.24376553, 
14.0, 3623.55122012, 3218.78534277, 3402.52879479, 
15.0, 3590.33948619, 3175.68316834, 3360.97184478, 
16.0, 3555.46989843, 3132.761126, 3319.57507537, 
17.0, 3519.63404961, 3090.02185733, 3278.34067897, 
18.0, 3481.99585374, 3047.46804557, 3237.27088068, 
19.0, 3444.47824442, 3002.21069275, 3196.36793866, 
20.0, 3407.08267369, 2955.45751268, 3155.63414432, 
21.0, 3369.81061317, 2908.96469609, 3115.07182252, 
22.0, 3332.66355411, 2862.90395954, 3074.68333171, 
23.0, 3295.64300759, 2817.13070272, 3034.47106408, 
24.0, 3258.75050491, 2771.62886813, 2994.43744575, 
25.0, 3221.98759764, 2726.40243045, 2954.58493671, 
26.0, 3185.35585759, 2681.45541802, 2914.91603107, 
27.0, 3148.85687678, 2636.7919089, 2875.43325687, 
28.0, 3114.60100697, 2593.07642175, 2836.13917625, 
29.0, 3080.60443121, 2552.52956285, 2797.0363851, 
30.0, 3046.73012638, 2512.23590314, 2758.12751338, 
31.0, 3012.9794721, 2472.19872286, 2719.41522441, 
32.0, 2979.35386378, 2432.42132859, 2680.90221468, 
33.0, 2945.85471305, 2392.90705253, 2642.59121396, 
34.0, 2912.48344762, 2353.65925139, 2604.48498523, 
35.0, 2879.24151124, 2311.80711752, 2566.58632365, 
36.0, 2846.13036386, 2270.06458684, 2528.89805575, 
37.0, 2813.1514802, 2228.63824667, 2491.42303987, 
38.0, 2780.30634982, 2187.53248338, 2454.16416531, 
39.0, 2747.5964794, 2146.83316158, 2417.12435163, 
40.0, 2715.02339159, 2106.48404885, 2380.30654719, 
41.0, 2682.58862502, 2066.46652763, 2343.7137289, 
42.0, 2650.29373435, 2026.7850485, 2307.34890118, 
43.0, 2618.14028884, 1987.4440782, 2271.21509519, 
44.0, 2586.1298708, 1948.4480955, 2235.31536716, 
45.0, 2554.26407982, 1909.83552606, 2199.65279712, 
46.0, 2522.544531, 1871.57892821, 2164.23048816, 
47.0, 2490.97285471, 1833.68102812, 2129.05156466, 
48.0, 2459.55069663, 1796.14628292, 2094.1191696, 
49.0, 2428.27971643, 1758.95884856, 2059.43646426, 
50.0, 2397.16158403, 1720.06078454, 2025.00662596, 
51.0, 2366.19798606, 1685.1919385, 1990.83284587, 
52.0, 2335.39062355, 1649.43767978, 1956.91832701, 
53.0, 2304.74121141, 1613.74787891, 1923.26628123, 
54.0, 2274.25147837, 1578.44749812, 1889.87992796, 
55.0, 2243.92316588, 1543.54083024, 1856.762491, 
56.0, 2213.75802195, 1509.75991512, 1823.91719538, 
57.0, 2183.75780928, 1476.68138724, 1791.347265, 
58.0, 2153.92430328, 1443.97610303, 1759.05591959, 
59.0, 2124.2592909, 1411.64795466, 1727.04637099, 
60.0, 2094.76457034, 1379.70077368, 1695.32181966, 
61.0, 2065.44195035, 1348.13832234, 1663.88545169, 
62.0, 2036.29324182, 1316.96428589, 1632.74043502, 
63.0, 2007.32026613, 1285.732935, 1601.88991471, 
64.0, 1978.52485507, 1252.01683958, 1571.33700973, 
65.0, 1949.90884829, 1218.76974331, 1541.08480844, 
66.0, 1921.47409299, 1186.17331459, 1511.13636454, 
67.0, 1893.2224433, 1156.13507057, 1481.49469084, 
68.0, 1865.1557525, 1126.54266897, 1452.16275646, 
69.0, 1837.27587655, 1097.39902608, 1423.14348142, 
70.0, 1809.58467713, 1068.70687769, 1394.43973112, 
71.0, 1782.08401817, 1040.46878866, 1366.05431149, 
72.0, 1754.77576507, 1012.68713675, 1337.9899638, 
73.0, 1727.66178091, 985.364098837, 1310.24935917, 
74.0, 1700.74392773, 958.501636664, 1282.83509368, 
75.0, 1674.02406669, 932.101488388, 1255.74968195, 
76.0, 1647.50405625, 906.165160948, 1228.99555182, 
77.0, 1621.185751, 880.693929805, 1202.57503996, 
78.0, 1595.07099393, 855.702874298, 1176.49038445, 
79.0, 1569.16162099, 831.270665282, 1150.74372036, 
80.0, 1543.45946135, 807.303129312, 1125.33707297, 
81.0, 1517.96633452, 783.800420603, 1100.27235302, 
82.0, 1492.6840488, 760.762424524, 1075.55135116, 
83.0, 1467.61439368, 738.188754386, 1051.17573247, 
84.0, 1442.75914463, 716.078747368, 1027.14703089, 
85.0, 1418.12006208, 694.43145843, 1003.46664424, 
86.0, 1393.69888867, 673.245659457, 980.135829318, 
87.0, 1369.49734737, 652.519837526, 957.155696627, 
88.0, 1345.51713342, 632.252191435, 934.527206579, 
89.0, 1321.75991967, 612.440632747, 912.251164332, 
90.0, 1298.2273546, 593.082786839, 890.328216718, 
91.0, 1274.9210596, 574.175992159, 868.758847857, 
92.0, 1251.84262598, 555.717303473, 847.543376152, 
93.0, 1228.99360965, 537.703495648, 826.681950475, 
94.0, 1206.37553188, 520.131066213, 806.174547861, 
95.0, 1183.98988051, 502.996240656, 786.020971757, 
96.0, 1161.83810565, 485.365945012, 766.220849427, 
97.0, 1139.92161706, 467.502893561, 746.773631031, 
98.0, 1118.2417777, 450.133093206, 727.678587938, 
99.0, 1096.79990742, 433.252091436, 708.934812839, 
100.0, 1075.59727953, 416.85503824, 690.541219383, 
101.0, 1054.63511815, 400.9366937, 672.496542389, 
102.0, 1033.91459561, 385.491444304, 654.799339121, 
103.0, 1013.4368307, 370.513308096, 637.447989891, 
104.0, 993.202886967, 355.995958414, 620.440700402, 
105.0, 973.213768437, 341.932729161, 603.775503911, 
106.0, 953.470417783, 328.316642176, 587.450263625, 
107.0, 933.973713759, 315.140415841, 571.462675491, 
108.0, 914.724468701, 303.03926134, 555.810272436, 
109.0, 895.72343243, 291.815693792, 540.490428037, 
110.0, 876.971287728, 280.946294358, 525.500360643, 
111.0, 858.468645107, 270.423777666, 510.837138132, 
112.0, 840.216043067, 260.24078095, 496.497682542, 
113.0, 822.213944887, 250.389878513, 482.478775909, 
114.0, 804.462734999, 240.863592862, 468.777065902, 
115.0, 786.962720305, 231.707641447, 455.389071244, 
116.0, 769.714126753, 222.858989452, 442.31118764, 
117.0, 752.717098187, 213.732362801, 429.539694667, 
118.0, 735.971699496, 204.743616609, 417.070761887, 
119.0, 719.477909907, 196.084228495, 404.900455435, 
120.0, 703.235622598, 187.745690902, 393.024744724, 
121.0, 687.24464402, 179.719471192, 381.439509262, 
122.0, 671.504693528, 171.997031487, 370.140545635, 
123.0, 656.015401946, 164.569841446, 359.123574157, 
124.0, 640.776310444, 157.692525065, 348.384245614, 
125.0, 625.786869965, 151.413360313, 337.918148735, 
126.0, 611.046441627, 145.3632004, 327.720816488, 
127.0, 596.554297104, 139.535219803, 317.787732921, 
128.0, 582.309616431, 133.922690871, 308.114339827, 
129.0, 568.311488698, 128.518988329, 298.696043173, 
130.0, 554.558912389, 123.216639749, 289.52821986, 
131.0, 541.050797034, 117.760485893, 280.606223757, 
132.0, 527.785961954, 112.528195006, 271.925391778, 
133.0, 514.763137243, 107.512020144, 263.481049734, 
134.0, 501.980964617, 102.704369409, 255.268518384, 
135.0, 489.437999094, 98.0978119721, 247.28311865, 
136.0, 477.132709668, 93.6850828592, 239.520177288, 
137.0, 465.063480376, 89.4590877534, 231.975031824, 
138.0, 453.22861191, 85.4129058822, 224.643035548, 
139.0, 441.62632337, 81.5397931651, 217.519562203, 
140.0, 430.254754065, 77.8331844028, 210.600010436, 
141.0, 419.111965276, 74.2866937268, 203.879808068, 
142.0, 408.19594245, 70.8941166703, 197.354416083, 
143.0, 397.504597301, 67.6494300027, 191.019332511, 
144.0, 387.035769687, 64.5467905158, 184.870095902, 
145.0, 376.787230718, 61.5805356839, 178.902288705, 
146.0, 366.756685152, 58.745181551, 173.111540351, 
147.0, 356.94177424, 56.0354205768, 167.493530148, 
148.0, 347.340077213, 53.446121248, 162.043989962, 
149.0, 337.949115293, 50.9723242985, 156.758706588, 
150.0, 328.766354803, 48.6092400504, 151.633524159, 
151.0, 319.789210124, 46.3522468421, 146.664346151, 
152.0, 311.015045635, 44.1968869447, 141.847137231, 
153.0, 302.441178868, 42.1388633189, 137.177924854, 
154.0, 294.064885272, 40.1740359373, 132.652800788, 
155.0, 285.883400801, 38.298418431, 128.267922487, 
156.0, 277.893924673, 36.508174697, 124.019514108, 
157.0, 270.093620904, 34.7996144808, 119.903867454, 
158.0, 262.479624439, 33.1691898624, 115.917342953, 
159.0, 255.049043752, 31.6134910098, 112.056370266, 
160.0, 247.798963997, 30.1292424691, 108.317448738, 
161.0, 240.726447811, 28.7132990196, 104.697147794, 
162.0, 233.828540975, 27.3626416751, 101.192107271, 
163.0, 227.102275594, 26.0743738494, 97.7990374464, 
164.0, 220.544673162, 24.8457171713, 94.5147191185, 
165.0, 214.152746161, 23.6740077989, 91.3360035324, 
166.0, 207.923501107, 22.5566923364, 88.2598121491, 
167.0, 201.853942648, 21.4913242447, 85.2831363426, 
168.0, 195.941075937, 20.4755598307, 82.4030370734, 
169.0, 190.181909485, 19.5071544396, 79.6166444382, 
170.0, 184.57345792, 18.5839594492, 76.9211571215, 
171.0, 179.112744738, 17.7039182228, 74.3138417694, 
172.0, 173.796804246, 16.8650628264, 71.7920323203, 
173.0, 168.622683643, 16.06551043, 69.3531293292, 
174.0, 163.587446333, 15.3034602694, 66.9945991246, 
175.0, 158.68817379, 14.5771904406, 64.7139729291, 
176.0, 153.921967426, 13.8850545708, 62.5088460738, 
177.0, 149.285950882, 13.2254791658, 60.3768770657, 
178.0, 144.777271984, 12.5969601948, 58.3157865722, 
179.0, 140.393104419, 11.9980608367, 56.3233564703, 
180.0, 136.130649276, 11.4274081103, 54.3974288207, 
181.0, 131.987137004, 10.8836907804, 52.5359048431, 
182.0, 127.959828796, 10.3656565255, 50.7367438244, 
183.0, 124.046017866, 9.87210949422, 48.9979620157, 
184.0, 120.243030838, 9.40190782505, 47.3176315889, 
185.0, 116.548228969, 8.95396157237, 45.6938795042, 
186.0, 112.959009232, 8.52723029132, 44.1248863999, 
187.0, 109.472805346, 8.120721014, 42.6088854415, 
188.0, 106.08708863, 7.73348615109, 41.1441612117, 
189.0, 102.799368823, 7.36462151369, 39.7290485997, 
190.0, 99.6071950115, 7.01326446401, 38.3619316351, 
191.0, 96.5081560857, 6.67859201411, 37.0412423932, 
192.0, 93.4998811768, 6.3598192078, 35.7654598506, 
193.0, 90.5800401474, 6.05619720635, 34.5331087963, 
194.0, 87.7463439108, 5.76701181143, 33.342758684, 
195.0, 84.9965453359, 5.49158207372, 32.1930225506, 
196.0, 82.3284393885, 5.22925877977, 31.0825559592, 
197.0, 79.7398628164, 4.9794226864, 30.0100558732, 
198.0, 77.2286945086, 4.74148331083, 28.9742596161, 
199.0, 74.7928555776, 4.51487787036, 27.9739437991, 
200.0, 72.4303092586, 4.29906989471, 27.0079232995, 
201.0, 70.1390607303, 4.0935479047, 26.0750502216, 
202.0, 67.9171569592, 3.89782438213, 25.1742129063, 
203.0, 65.8478297231, 3.71143467718, 24.3043349497, 
204.0, 63.8899913275, 3.53393593621, 23.4643742113, 
205.0, 61.9882675865, 3.36490610753, 22.6533218407, 
206.0, 60.1411691281, 3.2039429833, 21.870201347, 
207.0, 58.3472394361, 3.05066327969, 21.1140677029, 
208.0, 56.6050544381, 2.90470176743, 20.3840064382, 
209.0, 54.9132221552, 2.76571043779, 19.6791327259, 
210.0, 53.2703826895, 2.63335769277, 18.9985905377, 
211.0, 51.6752073995, 2.5073276017, 18.3415517907, 
212.0, 50.1263985132, 2.38731917597, 17.707215516, 
213.0, 48.6226887785, 2.27304562652, 17.094807059, 
214.0, 47.1628411382, 2.16423375674, 16.5035772715, 
215.0, 45.7456480461, 2.06062330625, 15.9328017559, 
216.0, 44.3699310426, 1.96196632379, 15.3817801181, 
217.0, 43.0345404282, 1.86802663766, 14.8498352069, 
218.0, 41.7383547688, 1.77857926288, 14.3363124145, 
219.0, 40.480280253, 1.69340988632, 13.8405789767, 
220.0, 39.259250256, 1.61231439007, 13.3620232799, 
221.0, 38.0742250167, 1.53509832931, 12.9000542194, 
222.0, 36.9241910084, 1.46157650782, 12.4541005388, 
223.0, 35.8081603997, 1.39157254488, 12.0236102036, 
224.0, 34.7251706044, 1.32491842681, 11.6080498041, 
225.0, 33.6742839062, 1.26145415005, 11.2069039433, 
226.0, 32.6545868102, 1.20102732639, 10.819674667, 
227.0, 31.6651895609, 1.14349280961, 10.4458809085, 
228.0, 30.7052257104, 1.08871238359, 10.0850579297, 
229.0, 29.7738516768, 1.0365544071, 9.73675680395, 
230.0, 28.8702461419, 0.98689351116, 9.40054389923, 
231.0, 27.9936095937, 0.9396103154, 9.07600037503, 
232.0, 27.1431639218, 0.894591117539, 8.7627216968, 
233.0, 26.3181519095, 0.851727645378, 8.46031717326, 
234.0, 25.5178367225, 0.810916798258, 8.16840949475, 
235.0, 24.7415014604, 0.772060381791, 7.88663429159, 
236.0, 23.9884487628, 0.735064899462, 7.61463970171, 
237.0, 23.2580002966, 0.69984131734, 7.3520859624, 
238.0, 22.5494963, 0.666304845154, 7.09864500203, 
239.0, 21.8622951579, 0.634374752688, 6.85400004996, 
240.0, 21.1957730013, 0.603974159446, 6.61784525802, 


--- Acid Uncertainty Analysis Quartiles ---
Time, Acid High, Acid Low, Acid Mean, 
0.0, 0.0, 0.0, 0.0, 
1.0, 50.7237533314, 36.3002105154, 43.5869500622, 
2.0, 101.27227587, 72.4964096776, 87.0411373512, 
3.0, 151.643021524, 108.587513508, 130.360795905, 
4.0, 201.833400788, 144.572425478, 173.544131485, 
5.0, 251.840780412, 180.450036493, 216.589321237, 
6.0, 301.662482966, 216.219224856, 259.494513646, 
7.0, 351.295785913, 251.878856215, 302.257828028, 
8.0, 400.737921001, 287.427783462, 344.877353948, 
9.0, 449.986073787, 322.864846615, 387.351150854, 
10.0, 499.037383494, 358.18887276, 429.677247809, 
11.0, 547.888942385, 393.398675966, 471.853643316, 
12.0, 596.537794881, 428.493057329, 513.878304951, 
13.0, 644.980937556, 463.470805058, 555.749168919, 
14.0, 693.215318627, 498.330694117, 597.464139664, 
15.0, 741.237837238, 533.07148627, 639.021089668, 
16.0, 789.045343485, 567.691930271, 680.417859082, 
17.0, 836.634638026, 602.190761702, 721.652255484, 
18.0, 884.002471407, 636.566702837, 762.722053772, 
19.0, 931.145544274, 670.818462716, 803.624995795, 
20.0, 978.060507219, 704.944737395, 844.358790137, 
21.0, 1024.74395998, 738.944209629, 884.921111933, 
22.0, 1071.19245233, 772.8155489, 925.309602743, 
23.0, 1117.40248363, 806.557411645, 965.521870372, 
24.0, 1163.37050185, 840.168441309, 1005.5554887, 
25.0, 1209.09290402, 873.647268205, 1045.40799774, 
26.0, 1254.56603665, 906.992509532, 1085.07690338, 
27.0, 1299.7861995, 940.202770467, 1124.55967758, 
28.0, 1344.74964021, 973.276643004, 1163.8537582, 
29.0, 1389.31093968, 1006.2127059, 1202.95654935, 
30.0, 1433.31718713, 1039.00952494, 1241.86542107, 
31.0, 1477.02256415, 1071.66565291, 1280.57771005, 
32.0, 1520.42274883, 1104.17962977, 1319.09071977, 
33.0, 1563.51337965, 1136.54998659, 1357.40172049, 
34.0, 1606.29004876, 1168.77524198, 1395.50794922, 
35.0, 1648.74831539, 1200.85390095, 1433.4066108, 
36.0, 1690.88371786, 1232.78445618, 1471.0948787, 
37.0, 1732.69174898, 1264.56538839, 1508.56989458, 
38.0, 1774.16786957, 1296.19517178, 1545.82876914, 
39.0, 1815.30753593, 1327.6722679, 1582.86858282, 
40.0, 1856.10616866, 1358.99512554, 1619.68638727, 
41.0, 1896.55915812, 1390.162182, 1656.27920555, 
42.0, 1936.66189667, 1421.17186417, 1692.64403327, 
43.0, 1976.40976556, 1452.02259713, 1728.77783926, 
44.0, 2015.79812876, 1482.73394039, 1764.67756729, 
45.0, 2054.82236074, 1513.28466289, 1800.34013733, 
46.0, 2093.47782414, 1543.67280413, 1835.76244629, 
47.0, 2131.75989014, 1573.89675789, 1870.9413698, 
48.0, 2169.66395518, 1603.95491926, 1905.87376485, 
49.0, 2207.18541331, 1633.84567157, 1940.5564702, 
50.0, 2244.31969918, 1663.56738915, 1974.98630849, 
51.0, 2281.06227181, 1693.11844021, 2009.16008858, 
52.0, 2317.40861235, 1722.49719354, 2043.07460744, 
53.0, 2353.35427086, 1751.70200828, 2076.72665323, 
54.0, 2388.89482478, 1780.73123666, 2110.11300649, 
55.0, 2424.02590825, 1809.58322817, 2143.23044346, 
56.0, 2458.74323778, 1838.25633775, 2176.07573907, 
57.0, 2493.04258692, 1866.74891123, 2208.64566945, 
58.0, 2527.35116183, 1895.05929019, 2240.93701486, 
59.0, 2562.37931925, 1923.1858177, 2272.94656346, 
60.0, 2597.04479059, 1951.12684574, 2304.67111479, 
61.0, 2631.31975847, 1979.24067603, 2336.10748277, 
62.0, 2665.19896785, 2007.74603572, 2367.25249943, 
63.0, 2698.67720397, 2036.09542832, 2398.10301974, 
64.0, 2731.74930041, 2064.28731627, 2428.65592472, 
65.0, 2764.41014514, 2092.32016119, 2458.90812601, 
66.0, 2796.65469292, 2120.19241507, 2488.85656991, 
67.0, 2828.47797151, 2147.90252329, 2518.49824362, 
68.0, 2859.8750973, 2175.44892603, 2547.83017799, 
69.0, 2890.84128677, 2202.83005761, 2576.84945303, 
70.0, 2921.3718674, 2230.04434725, 2605.55320334, 
71.0, 2951.46228711, 2257.11467203, 2633.93862296, 
72.0, 2981.10813082, 2284.04242605, 2662.00297065, 
73.0, 3010.30513251, 2310.80028179, 2689.74357528, 
74.0, 3039.04918753, 2337.38666543, 2717.15784077, 
75.0, 3067.33636533, 2363.80000175, 2744.2432525, 
76.0, 3095.16292566, 2390.03871575, 2770.99738263, 
77.0, 3122.52533213, 2416.10123533, 2797.41789449, 
78.0, 3149.42026228, 2441.9859879, 2823.50255, 
79.0, 3175.84462356, 2467.69140254, 2849.2492141, 
80.0, 3202.16759919, 2493.21591075, 2874.65586148, 
81.0, 3229.07346492, 2518.55794791, 2899.72058144, 
82.0, 3255.53709113, 2543.71595996, 2924.44158329, 
83.0, 3281.55544633, 2568.68839687, 2948.81720199, 
84.0, 3307.12571172, 2593.47371458, 2972.84590356, 
85.0, 3332.245295, 2618.07037672, 2996.52629021, 
86.0, 3356.91183908, 2642.4768556, 3019.85710513, 
87.0, 3381.12323549, 2666.69163825, 3042.83723783, 
88.0, 3404.87763531, 2690.7132237, 3065.46572787, 
89.0, 3428.17346138, 2714.54012199, 3087.74177012, 
90.0, 3451.00941981, 2738.17085692, 3109.66471773, 
91.0, 3473.38450414, 2761.60396709, 3131.2340866, 
92.0, 3495.29801212, 2784.83801006, 3152.4495583, 
93.0, 3516.74955637, 2807.87156507, 3173.31098398, 
94.0, 3537.73906235, 2830.70322796, 3193.81838659, 
95.0, 3558.26678059, 2853.33161526, 3213.9719627, 
96.0, 3578.33329747, 2875.75536539, 3233.77208503, 
97.0, 3597.93953188, 2897.97314175, 3253.21930342, 
98.0, 3617.08674994, 2919.98363641, 3272.31434651, 
99.0, 3635.77656171, 2941.78556807, 3291.05812161, 
100.0, 3653.29478658, 2963.37768227, 3309.45171507, 
101.0, 3669.86164505, 2984.75875444, 3327.49639206, 
102.0, 3686.00097977, 3005.92759154, 3345.19359533, 
103.0, 3701.71723967, 3026.88303766, 3362.54494456, 
104.0, 3717.0151326, 3047.62397115, 3379.55223405, 
105.0, 3731.8996053, 3068.14930631, 3396.21743054, 
106.0, 3746.37583559, 3088.45799576, 3412.54267083, 
107.0, 3760.43544174, 3108.54903238, 3428.53025896, 
108.0, 3773.93921747, 3128.42145104, 3444.18266202, 
109.0, 3787.05245884, 3148.07432906, 3459.50250642, 
110.0, 3799.78137204, 3167.50678926, 3474.49257381, 
111.0, 3812.13233292, 3186.71800202, 3489.15579632, 
112.0, 3822.04129371, 3205.70718682, 3503.49525191, 
113.0, 3831.53099977, 3224.47361413, 3517.51415854, 
114.0, 3842.39599636, 3243.01660728, 3531.21586855, 
115.0, 3854.80926214, 3261.33553818, 3544.60386321, 
116.0, 3866.85155533, 3278.70960119, 3557.68174681, 
117.0, 3878.52894129, 3293.12730423, 3570.45323979, 
118.0, 3889.41678293, 3307.28035557, 3582.92217257, 
119.0, 3899.17307603, 3321.17019548, 3595.09247902, 
120.0, 3908.61184919, 3334.79836334, 3606.96818973, 
121.0, 3917.74027092, 3348.16649708, 3618.55342519, 
122.0, 3926.62284852, 3361.2763315, 3629.85238882, 
123.0, 3935.84862387, 3374.12969636, 3640.8693603, 
124.0, 3944.7631573, 3386.72851475, 3651.60868884, 
125.0, 3953.37371268, 3399.07480118, 3662.07478572, 
126.0, 3961.68758741, 3411.17065934, 3672.27211796, 
127.0, 3969.71210069, 3425.9537068, 3682.20520153, 
128.0, 3977.45457794, 3440.69454517, 3691.87859463, 
129.0, 3984.92233888, 3455.21187624, 3701.29689128, 
130.0, 3992.12268528, 3469.50632555, 3710.46471459, 
131.0, 3999.06288783, 3483.57858553, 3719.3867107, 
132.0, 4005.75017555, 3496.77121572, 3728.06754267, 
133.0, 4012.19172535, 3506.86804771, 3736.51188472, 
134.0, 4018.39465196, 3516.73756035, 3744.72441607, 
135.0, 4024.36599731, 3526.38271067, 3752.7098158, 
136.0, 4030.11272146, 3535.80650515, 3760.47275716, 
137.0, 4035.64169617, 3545.01199551, 3768.01790263, 
138.0, 4040.95969577, 3554.00227606, 3775.3498989, 
139.0, 4046.07339012, 3562.78048349, 3782.47337225, 
140.0, 4050.96779029, 3571.34978838, 3789.39292402, 
141.0, 4055.58646437, 3579.71339258, 3796.11312638, 
142.0, 4060.02317809, 3587.87452728, 3802.63851837, 
143.0, 4064.28409783, 3595.8364491, 3808.97360194, 
144.0, 4068.37525663, 3603.60243529, 3815.12283855, 
145.0, 4072.3025512, 3611.17578065, 3821.09064575, 
146.0, 4076.07173996, 3617.56432453, 3826.8813941, 
147.0, 4079.68844088, 3623.48404432, 3832.4994043, 
148.0, 4082.4316993, 3629.23340959, 3837.94894449, 
149.0, 4084.47336253, 3634.81627041, 3843.23422786, 
150.0, 4086.4191964, 3640.23644615, 3848.35941029, 
151.0, 4088.27345606, 3645.53231234, 3853.3285883, 
152.0, 4090.04022977, 3650.83446858, 3858.14579722, 
153.0, 4091.72344375, 3656.43581066, 3862.8150096, 
154.0, 4093.32686638, 3666.10483033, 3867.34013366, 
155.0, 4095.64079651, 3675.59601898, 3871.72501197, 
156.0, 4099.49881009, 3682.92851345, 3875.97342034, 
157.0, 4103.21810844, 3688.38755185, 3880.089067, 
158.0, 4106.80307244, 3693.69796279, 3884.0755915, 
159.0, 4110.25798708, 3698.86296808, 3887.93656419, 
160.0, 4113.58703965, 3703.91604647, 3891.67548571, 
161.0, 4116.79431931, 3708.85725001, 3895.29578666, 
162.0, 4119.87839867, 3713.66149107, 3898.80082718, 
163.0, 4121.80627418, 3718.33186957, 3902.19389701, 
164.0, 4123.65260676, 3722.87145229, 3905.47821533, 
165.0, 4125.42065556, 3727.28327105, 3908.65693092, 
166.0, 4127.11356545, 3731.57032111, 3911.7331223, 
167.0, 4128.73436935, 3735.73555984, 3914.70979811, 
168.0, 4130.28599097, 3739.78190553, 3917.58989738, 
169.0, 4131.77124762, 3743.71223609, 3920.37629001, 
170.0, 4133.19285347, 3747.52938806, 3923.07177733, 
171.0, 4134.55342214, 3751.23615561, 3925.67909268, 
172.0, 4135.85546955, 3754.83528954, 3928.20090213, 
173.0, 4137.10141667, 3758.32949672, 3930.63980512, 
174.0, 4138.2696882, 3761.72143946, 3932.99833533, 
175.0, 4139.36180562, 3764.16216347, 3935.27896152, 
176.0, 4140.40600359, 3766.20990949, 3937.48408838, 
177.0, 4141.40431975, 3768.18746864, 3939.61605739, 
178.0, 4142.35871058, 3770.09708783, 3941.67714788, 
179.0, 4143.27105426, 3771.63065346, 3943.66957798, 
180.0, 4144.14315336, 3773.01832593, 3945.59550563, 
181.0, 4144.97673739, 3774.35289323, 3947.45702961, 
182.0, 4145.7734655, 3775.63630129, 3949.25619063, 
183.0, 4146.53492904, 3776.88552532, 3950.99497244, 
184.0, 4147.26265388, 3778.12453368, 3952.67530286, 
185.0, 4147.9581029, 3779.31682577, 3954.29905495, 
186.0, 4148.62267837, 3781.45931942, 3955.86804805, 
187.0, 4149.25772415, 3784.58896118, 3957.38404901, 
188.0, 4149.86452792, 3785.90834222, 3958.84877324, 
189.0, 4150.44432335, 3787.20210387, 3960.26388585, 
190.0, 4150.99829216, 3788.4504004, 3961.63100282, 
191.0, 4151.52756609, 3789.65476402, 3962.95169206, 
192.0, 4152.03322899, 3790.81667977, 3964.2274746, 
193.0, 4152.51631859, 3792.47941612, 3965.45982566, 
194.0, 4152.97782837, 3794.21503432, 3966.65017577, 
195.0, 4153.41870934, 3794.78046401, 3967.7999119, 
196.0, 4153.83987175, 3795.3239544, 3968.91037849, 
197.0, 4154.24218668, 3795.8615886, 3969.98287858, 
198.0, 4154.6264877, 3796.74242284, 3971.01867484, 
199.0, 4154.9935724, 3797.59157892, 3972.01899065, 
200.0, 4155.34420382, 3798.41016468, 3972.98501115, 
201.0, 4155.67911192, 3799.19925139, 3973.91788423, 
202.0, 4155.99899492, 3799.95987484, 3974.81872155, 
203.0, 4156.30452066, 3800.69303634, 3975.6885995, 
204.0, 4156.59632782, 3801.39970386, 3976.52856024, 
205.0, 4156.87502721, 3801.92163435, 3977.33961261, 
206.0, 4157.14120285, 3802.32839405, 3978.12273311, 
207.0, 4157.39541321, 3802.71944875, 3978.87886675, 
208.0, 4157.63819219, 3803.1159424, 3979.60892801, 
209.0, 4157.87005026, 3803.52966117, 3980.31380173, 
210.0, 4158.09147539, 3803.92778231, 3980.99434391, 
211.0, 4158.30293404, 3804.61600549, 3981.65138266, 
212.0, 4158.50487209, 3806.13717516, 3982.28571894, 
213.0, 4158.69771569, 3806.9781161, 3982.89812739, 
214.0, 4158.88187215, 3808.08223328, 3983.48935718, 
215.0, 4159.05773076, 3809.15862051, 3984.0601327, 
216.0, 4159.22566351, 3810.19908879, 3984.61115433, 
217.0, 4159.38602591, 3811.20478478, 3985.14309925, 
218.0, 4159.53915767, 3811.8220432, 3985.65662204, 
219.0, 4159.68538337, 3812.09757953, 3986.15235548, 
220.0, 4159.8250132, 3812.36191816, 3986.63091117, 
221.0, 4159.95834347, 3812.6155105, 3987.09288023, 
222.0, 4160.08565734, 3812.85879004, 3987.53883391, 
223.0, 4160.20722531, 3813.09217303, 3987.96932425, 
224.0, 4160.3233058, 3813.31605925, 3988.38488465, 
225.0, 4160.4341457, 3813.53083254, 3988.78603051, 
226.0, 4160.53998088, 3813.73686142, 3989.17325979, 
227.0, 4160.93112827, 3813.93449975, 3989.54705354, 
228.0, 4161.53749089, 3814.12408725, 3989.90787652, 
229.0, 4162.12255754, 3814.30595004, 3990.25617765, 
230.0, 4162.68706019, 3814.48040119, 3990.59239055, 
231.0, 4163.23170675, 3814.64774121, 3990.91693408, 
232.0, 4163.75718177, 3814.80825859, 3991.23021276, 
233.0, 4164.26414718, 3814.96223023, 3991.53261728, 
234.0, 4164.75324298, 3815.10992193, 3991.82452496, 
235.0, 4165.22508782, 3815.25158876, 3992.10630016, 
236.0, 4165.68027975, 3815.38747551, 3992.37829475, 
237.0, 4166.1193968, 3815.51781714, 3992.64084849, 
238.0, 4166.5429976, 3815.64283916, 3992.89428945, 
239.0, 4166.95162203, 3815.76275792, 3993.1389344, 
240.0, 4167.34579175, 3815.87778108, 3993.37508919, 

